类别(0):[15, 68, 69, 70, 71, 72, 77, 81, 85, 87, 98, 103, 104, 114, 115, 116, 119, 120, 130, 131, 133, 137, 142, 143, 150, 154, 155, 156, 163, 171, 249, 298, 300, 317, 320, 343]
类别(1):[7, 17, 21, 74, 75, 80, 90, 95, 96, 107, 124, 132, 134, 139, 145, 151, 161, 165, 169, 173, 181, 183, 243, 248, 258, 283, 287, 305, 347, 348, 356]
类别(2):[78, 83, 110, 135, 147, 148, 167, 184, 223, 233, 244, 261, 309, 323, 325, 326, 333, 335, 344, 351]
类别(3):[30, 66, 73, 92, 93, 105, 109, 149, 162, 164, 168, 174, 303, 307, 327, 332, 339, 353]
类别(4):[45, 160, 170, 219, 220, 228, 251, 252, 254, 255, 262, 267, 269, 271, 274, 282, 285, 288, 294, 297, 301, 316, 354]
类别(5):[5, 6, 12, 28, 32, 33, 34, 35, 42, 57, 58, 64, 82, 94, 97, 112, 117, 172, 195, 197, 201, 310, 321, 329, 338, 349, 357, 358]
类别(6):[4, 55, 61]
类别(7):[8, 23, 190, 192, 193, 194, 206, 207, 208, 221, 229, 230, 234, 235, 237, 270, 281, 289, 336]
类别(8):[9, 29, 196, 200, 202, 203, 212, 222, 224, 246, 247, 253, 256, 286, 299, 330, 352]
类别(9):[49, 53, 198, 211, 215, 216, 225, 226, 239, 250]
类别(10):[16, 19, 22, 40, 111, 159, 166, 178, 186, 189, 191, 217, 218, 227, 263, 302, 304, 313, 341, 346]
类别(11):[10, 25, 36, 37, 39, 56, 63, 67, 144, 157, 236, 266, 293, 306, 328, 350, 355, 360]
类别(12):[86, 121, 122, 123, 129, 146, 153, 158, 175, 179]
类别(13):[26, 43, 47, 48, 52, 76, 84, 88, 99, 102, 113, 118, 136, 140, 152, 199, 209, 210, 232, 241, 260, 272, 284, 291, 314, 345]
类别(14):[11, 13, 14, 18, 20, 24, 27, 38, 46, 51, 54, 59, 60, 65, 106, 108, 176, 182, 188, 204, 205, 213, 238, 264, 268, 276, 277, 278, 279, 280, 290, 292, 295, 296, 308, 311, 312, 315, 324, 337, 340]
类别(15):[79, 89, 100, 101, 125, 126, 127, 141, 180, 257, 265]
类别(16):[1, 2, 3, 31, 41, 44, 50, 62, 91, 128, 138, 177, 185, 187, 214, 231, 240, 242, 245, 259, 273, 275, 318, 319, 322, 331, 334, 342, 359]
