类别(0):[66, 69, 92, 103, 120, 137, 167, 168, 169, 256, 264, 277, 279, 280, 295, 296, 300, 303, 307, 308, 311, 317, 327, 332, 336, 337, 339, 352, 353]
类别(1):[16, 67, 71, 73, 74, 81, 97, 104, 109, 124, 132, 138, 149, 151, 154, 155, 160, 161, 174, 220, 254, 261, 266, 286, 305]
类别(2):[5, 6, 12, 15, 28, 32, 33, 34, 35, 42, 57, 58, 60, 64, 68, 72, 87, 94, 112, 116, 117, 118, 121, 122, 123, 133, 135, 142, 144, 153, 159, 175, 179, 195, 197, 200, 217, 218, 310, 320, 321, 329, 338, 349, 351, 355, 357, 358]
类别(3):[17, 21, 30, 65, 77, 93, 106, 108, 131, 139, 140, 143, 145, 164, 165, 170, 172, 182, 187, 228, 243, 248, 249, 269, 326]
类别(4):[79, 89, 100, 101, 125, 126, 127, 141, 180, 252, 257]
类别(5):[70, 95, 96, 150, 166, 173, 178, 191, 244, 263, 299, 313, 335, 347]
类别(6):[9, 13, 24, 25, 26, 37, 47, 48, 52, 63, 83, 91, 114, 115, 136, 177, 184, 196, 198, 238, 246, 265, 312, 316, 330]
类别(7):[11, 29, 203, 233, 270, 284, 290, 341]
类别(8):[1, 2, 3, 4, 7, 18, 19, 22, 23, 31, 38, 40, 41, 44, 50, 55, 61, 62, 111, 185, 186, 204, 214, 215, 225, 227, 231, 240, 242, 245, 275, 302, 318, 319, 322, 331, 334, 342, 343, 346, 359]
类别(9):[78, 113, 130, 156, 158, 171, 176, 189, 223, 253, 297]
类别(10):[8, 27, 45, 46, 51, 59, 85, 119, 190, 192, 193, 194, 205, 206, 207, 208, 219, 221, 229, 230, 234, 235, 237, 251, 262, 268, 271, 274, 276, 278, 285, 292, 293, 294, 301, 333, 340, 354]
类别(11):[20, 36, 39, 54, 56, 98, 110, 147, 148, 213, 236, 267, 281, 289, 304, 306, 309, 323, 324, 325, 328, 344, 348, 356, 360]
类别(12):[14, 75, 80, 82, 90, 105, 107, 128, 134, 157, 162, 163, 181, 183, 255, 258, 259, 260, 273, 282, 283, 287, 288, 298]
类别(13):[10, 49, 53, 188, 211, 216, 226, 239, 250, 350]
类别(14):[43, 76, 84, 86, 88, 99, 102, 129, 146, 152, 199, 201, 202, 209, 210, 212, 222, 224, 232, 241, 247, 272, 291, 314, 315, 345]
