类别(0):[5, 6, 8, 11, 23, 32, 33, 34, 35, 40, 42, 57, 68, 69, 96, 137, 144, 194, 195, 197, 208, 217, 218, 263, 270, 275, 281, 285, 289, 290, 302, 317, 321, 325, 336, 357, 358]
类别(1):[43, 48, 71, 76, 78, 83, 84, 86, 88, 95, 102, 115, 117, 121, 146, 152, 153, 158, 167, 184, 199, 200, 201, 202, 203, 209, 210, 212, 222, 224, 232, 241, 272, 284, 309, 313, 314, 341, 345]
类别(2):[99, 123, 135, 147, 148, 252, 253, 286, 288, 297, 298, 301]
类别(3):[58, 67, 74, 81, 97, 104, 114, 124, 132, 150, 151, 154, 155, 160, 161, 174, 305, 354]
类别(4):[9, 13, 24, 25, 26, 27, 45, 46, 47, 51, 52, 59, 85, 119, 173, 178, 196, 198, 205, 214, 219, 231, 238, 246, 251, 255, 262, 266, 267, 271, 274, 276, 277, 278, 279, 280, 282, 291, 294, 296, 300, 312, 330, 335, 347, 351, 352]
类别(5):[1, 2, 3, 4, 31, 44, 50, 55, 61, 62, 91, 131, 138, 177, 227, 240, 242, 318, 319, 322, 334, 342]
类别(6):[7, 21, 22, 77, 122, 139, 140, 143, 145, 156, 159, 165, 170, 179, 182, 186, 187, 228, 243, 248, 249, 269, 295, 320, 333, 340]
类别(7):[79, 89, 100, 101, 113, 125, 126, 127, 141, 180, 257]
类别(8):[75, 80, 82, 90, 103, 107, 118, 128, 129, 130, 134, 136, 157, 163, 166, 181, 183, 258, 259, 260, 261, 273, 283, 287, 293, 323, 356]
类别(9):[190, 191, 192, 193, 206, 207, 220, 221, 229, 230, 234, 235, 237, 265, 268, 292, 329]
类别(10):[12, 20, 28, 36, 38, 39, 54, 56, 70, 72, 87, 94, 133, 171, 185, 204, 215, 223, 225, 236, 245, 304, 306, 308, 324, 326, 328, 343, 344, 350, 359, 360]
类别(11):[15, 16, 17, 18, 19, 29, 60, 73, 92, 98, 109, 149, 256, 315, 316, 355]
类别(12):[10, 14, 37, 49, 53, 188, 211, 216, 226, 250]
类别(13):[63, 120, 169, 303, 307, 311, 327, 332, 337, 338, 339, 346, 349, 353]
类别(14):[30, 41, 64, 65, 66, 93, 106, 108, 110, 111, 162, 164, 168, 172, 264, 331, 348]
类别(15):[105, 112, 116, 142, 175, 176, 189, 213, 233, 239, 244, 247, 254, 299, 310]
