类别(0):[71, 135, 156, 167, 176, 199, 210, 231, 316]
类别(1):[5, 6, 11, 12, 21, 28, 32, 33, 34, 35, 37, 42, 57, 58, 82, 97, 112, 121, 144, 185, 195, 197, 201, 214, 217, 218, 310, 321, 322, 325, 329, 338, 349, 351, 355, 357, 358]
类别(2):[1, 2, 3, 4, 31, 50, 55, 61, 138]
类别(3):[30, 66, 73, 105, 109, 130, 149, 168, 174, 194, 275, 312, 335]
类别(4):[13, 24, 27, 40, 45, 46, 47, 49, 51, 53, 59, 122, 155, 233, 238, 270, 274, 278, 279, 280, 281, 285, 300, 343, 352]
类别(5):[119, 120, 162, 263, 303, 307, 311, 327, 337, 339, 344, 350, 353, 354]
类别(6):[264, 276, 277, 295, 296]
类别(7):[68, 69, 70, 81, 85, 92, 95, 96, 103, 118, 131, 133, 137, 150, 154, 165, 166, 173, 178, 189, 267, 298, 356]
类别(8):[98, 190, 191, 192, 193, 206, 207, 211, 221, 229, 230, 234, 235, 237, 268]
类别(9):[9, 10, 20, 23, 36, 38, 39, 54, 56, 171, 204, 205, 215, 223, 236, 245, 289, 304, 306, 308, 324, 326, 328, 359, 360]
类别(10):[19, 25, 26, 52, 63, 74, 75, 80, 90, 107, 134, 142, 153, 157, 161, 169, 179, 181, 183, 196, 198, 226, 250, 256, 273, 323, 330, 347]
类别(11):[14, 16, 17, 18, 41, 64, 132, 208, 225, 290, 313, 315, 318, 319, 331, 334, 336, 342]
类别(12):[15, 29, 43, 48, 67, 72, 76, 84, 86, 87, 88, 94, 99, 102, 110, 111, 117, 124, 129, 139, 146, 151, 152, 158, 159, 175, 182, 188, 200, 202, 203, 209, 212, 222, 224, 232, 239, 241, 247, 253, 260, 266, 272, 284, 286, 291, 293, 297, 314, 341]
类别(13):[78, 79, 100, 101, 113, 125, 126, 127, 141, 180, 257, 265]
类别(14):[7, 22, 44, 60, 62, 77, 89, 140, 145, 170, 186, 187, 216, 227, 228, 242, 243, 248, 249, 269, 302, 317, 333, 340, 346]
类别(15):[104, 128, 136, 163, 258, 259, 283, 287]
类别(16):[8, 123, 160, 213, 219, 220, 240, 246, 251, 252, 254, 255, 262, 271, 282, 288, 292, 294, 299, 301, 305, 332]
类别(17):[65, 93, 106, 108, 116, 147, 148, 164, 172, 309, 348]
类别(18):[83, 91, 114, 115, 143, 177, 184, 244, 261, 320, 345]
